$ANSIBLE_VAULT;1.1;AES256
37303430343038613932376137346438343136383062643734333432613830346333613063386232
6534323435326565333664353761336634326362623663610a336230646132313065353866633665
65613365393161313462656263663936666531623537316534626438313633356461623761343265
3461336132356635340a356236303865613663646366316665613931653237626264376561656636
34373864316433313961666236636138313865663033303663346536623365333532396535656537
36333366613239313632313863343063613735613232343461323435356161623934653365313361
31613830356633396635636535346462656330333231633235323262653863663432373061366530
36373663363362313936616232356161383136363839353535646331353361303939616266383063
34353936663131626433336263653335373831333730653635373866313835386536373432616434
32366630383661336265333835366338343137643438386432623336643730373266626161613335
37616232663163353436366232303664623138356336613565313432353861383838363934316437
64623162666537336538303039353430383631636532653765613533353936343561656161613265
35613730653263633833336433643236373833343133343031326132623466393865653234333835
62386163333066313037646534323736356134383166336664633161636338343933396261396133
31653664663130393033363335303861356334373536323265623435666333313166393232633463
30336232336363666233613762363461313764306638383631633330373831343134653139643932
39663332663164303062303238633862363066613632333932613263663537396636623262613630
32303736663433646361363565346130363937646139303461323133376661626330646135636439
64626332333035323865626163323538353430363732666664643763613231383933383738633432
33356233316265356430373639656666616162656433373733353934323131313834316663323932
39303464303266376261633538386265313836343365626231326130626164376363336630326361
61643337636638666138383837396162643963353239373335326133323666633335376137373137
39396339613064326666626432626166353566313436633439346165643035376237663831613835
35323935303239396132356534346561646532363938646231643164396135366138643364353038
30633866366433386531623135363461326536336161356331623736376439653937396338353965
3835353639393034623462626439366362633431616632303031
